0,312.15
14,312.15
28,312.15
42,312.15
56,312.15
70,312.15
84,312.15
98,312.15
111,312.15
125,312.15
139,312.15
153,312.15
167,312.15
181,312.15
195,312.15
209,312.15
222,311.15
236,311.15
250,311.15
264,311.15
278,311.15
292,311.15
306,311.15
320,311.15
334,311.15
347,311.15
361,311.15
375,311.15
389,311.15
403,311.15
417,311.15
431,311.15
445,311.15
458,311.15
472,311.15
486,311.15
500,311.15
514,311.15
528,311.15
542,311.15
556,311.15
570,311.15
583,311.15
597,311.15
611,311.15
625,311.15
639,311.15
653,311.15
667,311.15
681,310.15
694,311.15
708,310.15
722,310.15
736,310.15
750,310.15
764,310.15
778,310.15
792,310.15
806,310.15
819,310.15
833,310.15
847,310.15
861,310.15
875,310.15
889,310.15
903,310.15
917,310.15
931,310.15
944,310.15
958,310.15
972,310.15
986,310.15
1000,310.15
1014,310.15
1028,310.15
1042,310.15
1055,310.15
1069,310.15
1083,310.15
1097,310.15
1111,310.15
1125,310.15
1139,310.15
1153,310.15
1167,310.15
1180,310.15
1194,310.15
1208,310.15
1222,310.15
1236,310.15
1250,310.15
1264,310.15
1278,310.15
1291,310.15
1305,310.15
1319,310.15
1333,310.15
1347,310.15
1361,310.15
1375,310.15
1389,310.15
1403,310.15
1416,310.15
1430,310.15
1444,310.15
1458,310.15
1472,310.15
1486,310.15
1500,310.15
1514,310.15
1528,310.15
1541,310.15
1555,310.15
1569,310.15
1583,310.15
1597,310.15
1611,310.15
1625,310.15
1639,310.15
1652,310.15
1666,310.15
1680,310.15
1694,310.15
1708,310.15
1722,310.15
1736,310.15
1750,310.15
1764,310.15
1777,310.15
1791,310.15
1805,310.15
1819,310.15
1833,310.15
1847,309.15
1861,309.15
1875,310.15
1888,309.15
1902,309.15
1916,309.15
1930,309.15
1944,309.15
1958,309.15
1972,309.15
1986,309.15
2000,309.15
2013,309.15
2027,309.15
2041,309.15
2055,309.15
2069,309.15
2083,309.15
2097,309.15
2111,309.15
2124,309.15
2138,309.15
2152,309.15
2166,309.15
2180,309.15
2194,309.15
2208,309.15
2222,309.15
2236,309.15
2249,309.15
2263,309.15
2277,309.15
2291,309.15
2305,309.15
2319,309.15
2333,309.15
2347,309.15
2360,309.15
2374,309.15
2388,309.15
2402,309.15
2416,309.15
2430,309.15
2444,309.15
2458,309.15
2472,309.15
2485,309.15
2499,309.15
2513,309.15
2527,309.15
2541,309.15
2555,309.15
2569,309.15
2583,309.15
2596,309.15
2610,309.15
2624,309.15
2638,309.15
2652,309.15
2666,309.15
2680,309.15
2694,309.15
2708,309.15
2721,309.15
2735,309.15
2749,309.15
2763,309.15
2777,309.15
2791,309.15
2805,309.15
2819,309.15
2832,309.15
2846,309.15
2860,309.15
2874,309.15
2888,309.15
2902,309.15
2916,309.15
2930,309.15
2944,309.15
2957,309.15
2971,309.15
2985,309.15
2999,309.15
3013,309.15
3027,309.15
3041,309.15
3055,309.15
3069,309.15
3082,309.15
3096,309.15
3110,309.15
3124,309.15
3138,309.15
3152,309.15
3166,309.15
3180,309.15
3193,308.15
3207,309.15
3221,308.15
3235,308.15
3249,308.15
3263,308.15
3277,308.15
3291,308.15
3305,308.15
3318,308.15
3332,308.15
3346,308.15
3360,308.15
3374,308.15
3388,308.15
3402,308.15
3416,308.15
3429,308.15
3443,308.15
3457,308.15
3471,308.15
3485,308.15
3499,308.15
3513,308.15
3527,308.15
3541,308.15
3554,308.15
3568,308.15
3582,308.15
3596,308.15
3610,308.15
3624,308.15
3638,308.15
3652,308.15
3666,308.15
3679,308.15
3693,308.15
3707,308.15
3721,308.15
3735,308.15
3749,308.15
3763,308.15
3777,308.15
3790,308.15
3804,308.15
3818,308.15
3832,308.15
3846,308.15
3860,308.15
3874,308.15
3888,308.15
3902,308.15
3915,308.15
3929,308.15
3943,308.15
3957,308.15
3971,308.15
3985,308.15
3999,308.15
4013,308.15
4026,308.15
4040,308.15
4054,308.15
4068,308.15
4082,308.15
4096,308.15
4110,308.15
4124,308.15
4138,308.15
4151,308.15
4165,308.15
4179,308.15
4193,308.15
4207,308.15
4221,308.15
4235,308.15
4249,308.15
4262,308.15
4276,308.15
4290,308.15
4304,308.15
4318,308.15
4332,308.15
4346,308.15
4360,308.15
4374,308.15
4387,308.15
4401,308.15
4415,308.15
4429,308.15
4443,308.15
4457,308.15
4471,308.15
4485,308.15
4498,308.15
4512,308.15
4526,307.15
4540,308.15
4554,308.15
4568,307.15
4582,308.15
4596,307.15
4610,307.15
4623,308.15
4637,307.15
4651,307.15
4665,307.15
4679,307.15
4693,307.15
4707,307.15
4721,307.15
4735,307.15
4748,307.15
4762,307.15
4776,307.15
4790,307.15
4804,307.15
4818,307.15
4832,307.15
4846,307.15
4859,307.15
4873,307.15
4887,307.15
4901,307.15
4915,307.15
4929,307.15
4943,307.15
4957,307.15
4971,307.15
4984,307.15
4998,307.15
5012,307.15
5026,307.15
5040,307.15
5054,307.15
5068,307.15
5082,307.15
5095,307.15
5109,307.15
5123,307.15
5137,307.15
5151,307.15
5165,307.15
5179,307.15
5193,307.15
5207,307.15
5220,307.15
5234,307.15
5248,307.15
5262,307.15
5276,307.15
5290,307.15
5304,307.15
5318,307.15
5331,307.15
5345,307.15
5359,307.15
5373,307.15
5387,307.15
5401,307.15
5415,307.15
5429,307.15
5443,307.15
5456,307.15
5470,307.15
5484,307.15
5498,307.15
5512,307.15
5526,307.15
5540,307.15
5554,307.15
5567,307.15
5581,307.15
5595,307.15
5609,307.15
5623,307.15
5637,307.15
5651,307.15
5665,307.15
5679,307.15
5692,307.15
5706,307.15
5720,307.15
5734,307.15
5748,307.15
5762,307.15
5776,307.15
5790,307.15
5804,307.15
5817,307.15
5831,307.15
5845,307.15
5859,307.15
5873,307.15
5887,307.15
5901,307.15
5915,307.15
5928,307.15
5942,307.15
5956,307.15
5970,307.15
5984,307.15
5998,307.15
6012,307.15
6026,307.15
6040,307.15
6053,307.15
6067,307.15
6081,307.15
6095,307.15
6109,307.15
6123,307.15
6137,307.15
6151,307.15
6164,307.15
6178,307.15
6192,307.15
6206,307.15
6220,307.15
6234,307.15
6248,307.15
6262,307.15
6276,307.15
6289,307.15
6303,307.15
6317,307.15
6331,307.15
6345,307.15
6359,307.15
6373,307.15
6387,307.15
6400,307.15
6414,307.15
6428,307.15
6442,307.15
6456,307.15
6470,307.15
6484,307.15
6498,307.15
6512,307.15
6525,307.15
6539,307.15
6553,307.15
6567,307.15
6581,307.15
6595,307.15
6609,307.15
6623,307.15
6636,307.15
6650,307.15
6664,307.15
6678,307.15
6692,307.15
6706,307.15
6720,307.15
6734,307.15
6748,307.15
6761,307.15
6775,307.15
6789,307.15
6803,307.15
6817,307.15
6831,307.15
6845,307.15
6859,307.15
6873,307.15
6886,307.15
6900,307.15
6914,307.15
6928,307.15
6942,307.15
6956,307.15
6970,307.15
6984,307.15
6997,307.15
7011,307.15
7025,307.15
7039,307.15
7053,307.15
7067,307.15
7081,307.15
7095,307.15
7109,307.15
7122,307.15
7136,307.15
7150,307.15
7164,307.15
7178,307.15
7192,307.15
7206,307.15
7220,307.15
7233,307.15
7247,307.15
7261,307.15
7275,307.15
7289,307.15
7303,307.15
7317,307.15
7331,307.15
7345,307.15
7358,307.15
7372,307.15
7386,306.15
7400,306.15
7414,307.15
7428,306.15
7442,306.15
7456,307.15
7469,306.15
7483,306.15
7497,307.15
7511,306.15
7525,306.15
7539,306.15
7553,306.15
7567,306.15
7581,306.15
7594,306.15
7608,306.15
7622,306.15
7636,306.15
7650,306.15
7664,306.15
7678,306.15
7692,306.15
7705,306.15
7719,306.15
7733,306.15
7747,306.15
7761,306.15
7775,306.15
7789,306.15
7803,306.15
7817,306.15
7830,306.15
7844,306.15
7858,306.15
7872,306.15
7886,306.15
7900,306.15
7914,306.15
7928,306.15
7942,306.15
7955,306.15
7969,306.15
7983,306.15
7997,306.15
8011,306.15
8025,306.15
8039,306.15
8053,306.15
8066,306.15
8080,306.15
8094,306.15
8108,306.15
8122,306.15
8136,306.15
8150,306.15
8164,306.15
8178,306.15
8191,306.15
8205,306.15
8219,306.15
8233,306.15
8247,306.15
8261,306.15
8275,306.15
8289,306.15
8302,306.15
8316,306.15
8330,306.15
8344,306.15
8358,306.15
8372,306.15
8386,306.15
8400,306.15
8414,306.15
8427,306.15
8441,306.15
8455,306.15
8469,306.15
8483,306.15
8497,306.15
8511,306.15
8525,306.15
8538,306.15
8552,306.15
8566,306.15
8580,306.15
8594,306.15
8608,306.15
8622,306.15
8636,306.15
8650,306.15
8663,306.15
8677,306.15
8691,306.15
8705,306.15
8719,306.15
8733,306.15
8747,306.15
8761,306.15
8774,306.15
8788,306.15
8802,306.15
8816,306.15
8830,306.15
8844,306.15
8858,306.15
8872,306.15
8886,306.15
8899,306.15
8913,306.15
8927,306.15
8941,306.15
8955,306.15
8969,306.15
8983,306.15
8997,306.15
9011,306.15
9024,306.15
9038,306.15
9052,306.15
9066,306.15
9080,306.15
9094,306.15
9108,306.15
9122,306.15
9135,306.15
9149,306.15
9163,306.15
9177,306.15
9191,306.15
9205,306.15
9219,306.15
9233,306.15
9247,306.15
9260,306.15
9274,306.15
9288,306.15
9302,306.15
9316,306.15
9330,306.15
9344,306.15
9358,306.15
9371,306.15
9385,306.15
9399,306.15
9413,306.15
9427,306.15
9441,306.15
9455,306.15
9469,306.15
9483,306.15
9496,306.15
9510,306.15
9524,306.15
9538,306.15
9552,306.15
9566,306.15
9580,306.15
9594,306.15
9608,306.15
9621,306.15
9635,306.15
9649,306.15
9663,306.15
9677,306.15
9691,306.15
9705,306.15
9719,306.15
9732,306.15
9746,306.15
9760,306.15
9774,306.15
9788,306.15
9802,306.15
9816,306.15
9830,306.15
9844,306.15
9857,306.15
9871,306.15
9885,306.15
9899,306.15
9913,306.15
9927,306.15
9941,306.15
9955,306.15
9968,306.15
9982,306.15
9996,306.15
10010,306.15
10024,306.15
10038,306.15
10052,306.15
10066,306.15
10080,306.15
10093,306.15
10107,306.15
10121,306.15
10135,306.15
10149,306.15
10163,306.15
10177,306.15
10191,306.15
10204,306.15
10218,306.15
10232,306.15
10246,306.15
10260,306.15
10274,306.15
10288,306.15
10302,306.15
10316,306.15
10329,306.15
10343,306.15
10357,306.15
10371,306.15
10385,306.15
10399,306.15
10413,306.15
10427,306.15
10440,306.15
10454,306.15
10468,306.15
10482,306.15
10496,306.15
10510,306.15
10524,306.15
10538,306.15
10552,306.15
10565,306.15
10579,306.15
10593,306.15
10607,306.15
10621,306.15
10635,306.15
10649,306.15
10663,306.15
10677,306.15
10690,306.15
10704,306.15
10718,306.15
10732,306.15
10746,306.15
10760,306.15
10774,306.15
10788,306.15
10801,306.15
10815,306.15
10829,306.15
10843,306.15
10857,306.15
10871,306.15
10885,306.15
10899,306.15
10913,306.15
10926,306.15
10940,306.15
10954,306.15
10968,306.15
10982,306.15
10996,306.15
11010,306.15
11024,306.15
11037,306.15
11051,306.15
11065,306.15
11079,306.15
11093,306.15
11107,306.15
11121,306.15
11135,306.15
11149,306.15
11162,306.15
11176,306.15
11190,306.15
11204,306.15
11218,306.15
11232,306.15
11246,306.15
11260,306.15
11273,306.15
11287,306.15
11301,306.15
11315,306.15
11329,306.15
11343,306.15
11357,306.15
11371,306.15
11385,306.15
11398,306.15
11412,306.15
11426,306.15
11440,306.15
11454,306.15
11468,306.15
11482,306.15
11496,306.15
11510,306.15
11523,306.15
11537,306.15
11551,306.15
11565,306.15
11579,306.15
11593,306.15
11607,306.15
11621,306.15
11634,306.15
11648,306.15
11662,306.15
11676,306.15
11690,306.15
11704,306.15
11718,306.15
11732,306.15
11746,306.15
11759,306.15
11773,306.15
11787,306.15
11801,306.15
11815,306.15
11829,306.15
11843,306.15
11857,306.15
11870,306.15
11884,306.15
11898,306.15
11912,306.15
11926,306.15
11940,306.15
11954,305.15
11968,306.15
11982,306.15
11995,305.15
12009,306.15
12023,305.15
12037,305.15
12051,306.15
12065,305.15
12079,305.15
12093,306.15
12106,305.15
12120,305.15
12134,305.15
12148,305.15
12162,305.15
12176,306.15
12190,305.15
12204,305.15
12218,305.15
12231,305.15
12245,305.15
12259,305.15
12273,305.15
12287,305.15
12301,305.15
12315,305.15
12329,305.15
12342,305.15
12356,305.15
12370,305.15
12384,305.15
12398,305.15
12412,305.15
12426,305.15
12440,305.15
12454,305.15
12467,305.15
12481,305.15
12495,305.15
12509,305.15
12523,305.15
12537,305.15
12551,305.15
12565,305.15
12579,305.15
12592,305.15
12606,305.15
12620,305.15
12634,305.15
12648,305.15
12662,305.15
12676,305.15
12690,305.15
12703,305.15
12717,305.15
12731,305.15
12745,305.15
12759,306.15
12773,306.15
12787,306.15
12801,306.15
12815,306.15
12828,306.15
12842,306.15
12856,306.15
12870,307.15
12884,307.15
12898,307.15
12912,307.15
12926,308.15
12939,308.15
12953,308.15
12967,308.15
12981,308.15
12995,309.15
13009,309.15
13023,309.15
13037,309.15
13051,310.15
13064,310.15
13078,310.15
13092,310.15
13106,310.15
13120,311.15
13134,311.15
13148,311.15
13162,311.15
13175,311.15
13189,312.15
13203,312.15
13217,312.15
13231,312.15
13245,312.15
13259,312.15
13273,312.15
13287,313.15
13300,313.15
13314,313.15
13328,313.15
13342,313.15
13356,313.15
13370,313.15
13384,314.15
13398,314.15
13411,314.15
13425,314.15
13439,314.15
13453,314.15
13467,314.15
13481,315.15
13495,315.15
13509,315.15
13523,315.15
13536,315.15
13550,315.15
13564,315.15
13578,316.15
13592,316.15
13606,316.15
13620,316.15
13634,316.15
13648,316.15
13661,316.15
13675,316.15
13689,316.15
13703,317.15
13717,317.15
13731,317.15
13745,317.15
13759,317.15
13772,317.15
13786,317.15
13800,317.15
13814,317.15
13828,318.15
13842,318.15
13856,318.15
13870,318.15
13884,318.15
13897,318.15
13911,318.15
13925,318.15
13939,318.15
13953,318.15
13967,319.15
13981,319.15
13995,319.15
14008,319.15
14022,319.15
14036,319.15
14050,319.15
14064,319.15
14078,320.15
14092,320.15
14106,320.15
14120,320.15
14133,320.15
14147,320.15
14161,321.15
14175,321.15
14189,321.15
14203,321.15
14217,321.15
14231,321.15
14244,322.15
14258,322.15
14272,322.15
14286,322.15
14300,323.15
14314,323.15
14328,323.15
14342,323.15
14356,323.15
14369,324.15
14383,324.15
14397,324.15
14411,324.15
14425,324.15
14439,325.15
14453,325.15
14467,325.15
14481,325.15
14494,326.15
14508,326.15
14522,326.15
14536,326.15
14550,326.15
14564,327.15
14578,327.15
14592,327.15
14605,327.15
14619,327.15
14633,328.15
14647,328.15
14661,328.15
14675,328.15
14689,328.15
14703,329.15
14717,329.15
14730,329.15
14744,329.15
14758,329.15
14772,329.15
14786,330.15
14800,330.15
14814,330.15
14828,330.15
14841,330.15
14855,330.15
14869,331.15
14883,331.15
14897,331.15
14911,331.15
14925,331.15
14939,332.15
14953,332.15
14966,332.15
14980,332.15
14994,332.15
15008,332.15
15022,332.15
15036,333.15
15050,333.15
15064,333.15
15077,333.15
15091,333.15
15105,333.15
15119,334.15
15133,334.15
15147,334.15
15161,334.15
15175,334.15
15189,334.15
15202,334.15
15216,334.15
15230,335.15
15244,335.15
15258,335.15
15272,335.15
15286,335.15
15300,335.15
15314,335.15
15327,336.15
15341,336.15
15355,336.15
15369,336.15
15383,336.15
15397,336.15
15411,336.15
15425,336.15
15438,336.15
15452,337.15
15466,337.15
15480,337.15
15494,337.15
15508,337.15
15522,337.15
15536,337.15
15549,337.15
15563,337.15
15577,338.15
15591,338.15
15605,338.15
15619,338.15
15633,338.15
15647,338.15
15661,338.15
15674,338.15
15688,338.15
15702,339.15
15716,339.15
15730,339.15
15744,339.15
15758,339.15
15772,339.15
15786,340.15
15799,340.15
15813,340.15
15827,340.15
15841,340.15
15855,341.15
15869,341.15
15883,341.15
15897,341.15
15910,342.15
15924,342.15
15938,342.15
15952,342.15
15966,342.15
15980,343.15
15994,343.15
16008,343.15
16022,343.15
16035,343.15
16049,344.15
16063,344.15
16077,344.15
16091,344.15
16105,345.15
16119,345.15
16133,345.15
16146,345.15
16160,345.15
16174,346.15
16188,346.15
16202,346.15
16216,346.15
16230,347.15
16244,347.15
16258,347.15
16271,347.15
16285,347.15
16299,348.15
16313,348.15
16327,348.15
16341,348.15
16355,348.15
16369,349.15
16382,349.15
16396,349.15
16410,349.15
16424,349.15
16438,350.15
16452,350.15
16466,350.15
16480,350.15
16494,350.15
16507,351.15
16521,351.15
16535,351.15
16549,351.15
16563,351.15
16577,352.15
16591,352.15
16605,352.15
16618,352.15
16632,352.15
16646,352.15
16660,353.15
16674,353.15
16688,353.15
16702,353.15
16716,353.15
16730,353.15
16743,353.15
16757,354.15
16771,354.15
16785,354.15
16799,354.15
16813,354.15
16827,354.15
16841,355.15
16855,355.15
16868,355.15
16882,355.15
16896,355.15
16910,355.15
16924,356.15
16938,356.15
16952,356.15
16966,356.15
16979,356.15
16993,356.15
17007,357.15
17021,357.15
17035,357.15
17049,357.15
17063,358.15
17077,358.15
17091,358.15
17104,358.15
17118,359.15
17132,359.15
17146,359.15
17160,359.15
17174,360.15
17188,360.15
17202,360.15
17215,361.15
17229,361.15
17243,361.15
17257,361.15
17271,362.15
17285,362.15
17299,362.15
17313,362.15
17327,363.15
17340,363.15
17354,363.15
17368,363.15
17382,364.15
17396,364.15
17410,364.15
17424,364.15
17438,365.15
17451,365.15
17465,365.15
17479,365.15
17493,365.15
17507,366.15
17521,366.15
17535,366.15
17549,366.15
17563,367.15
17576,367.15
17590,367.15
17604,367.15
17618,367.15
17632,367.15
17646,368.15
17660,368.15
17674,368.15
17688,368.15
17701,368.15
17715,369.15
17729,369.15
17743,369.15
17757,369.15
17771,369.15
17785,369.15
17799,369.15
17812,370.15
17826,370.15
17840,370.15
17854,370.15
17868,370.15
17882,370.15
17896,370.15
17910,371.15
17924,371.15
17937,371.15
17951,371.15
17965,371.15
17979,372.15
17993,372.15
18007,372.15
18021,372.15
18035,372.15
18048,373.15
18062,373.15
18076,373.15
18090,373.15
18104,374.15
18118,374.15
18132,374.15
18146,375.15
18160,375.15
18173,376.15
18187,376.15
18201,376.15
18215,377.15
18229,377.15
18243,377.15
18257,378.15
18271,378.15
18284,378.15
18298,379.15
18312,379.15
18326,379.15
18340,380.15
18354,380.15
18368,380.15
18382,381.15
18396,381.15
18409,381.15
18423,382.15
18437,382.15
18451,382.15
18465,383.15
18479,383.15
18493,383.15
18507,383.15
18520,384.15
18534,384.15
18548,384.15
18562,384.15
18576,385.15
18590,385.15
18604,385.15
18618,386.15
18632,386.15
18645,386.15
18659,386.15
18673,386.15
18687,387.15
18701,387.15
18715,387.15
18729,387.15
18743,387.15
18757,387.15
18770,388.15
18784,388.15
18798,388.15
18812,388.15
18826,388.15
18840,388.15
18854,389.15
18868,389.15
18881,389.15
18895,389.15
18909,389.15
18923,389.15
18937,390.15
18951,390.15
18965,390.15
18979,390.15
18993,390.15
19006,391.15
19020,391.15
19034,391.15
19048,392.15
19062,392.15
19076,392.15
19090,393.15
19104,393.15
19117,393.15
19131,394.15
19145,394.15
19159,394.15
19173,395.15
19187,395.15
19201,396.15
19215,396.15
19229,396.15
19242,397.15
19256,397.15
19270,398.15
19284,398.15
19298,398.15
19312,399.15
19326,399.15
19340,399.15
19354,400.15
19367,400.15
19381,400.15
19395,401.15
19409,401.15
19423,401.15
19437,402.15
19451,402.15
19465,402.15
19478,402.15
19492,403.15
19506,403.15
19520,403.15
19534,403.15
19548,404.15
19562,404.15
19576,404.15
19590,404.15
19603,405.15
19617,405.15
19631,405.15
19645,405.15
19659,405.15
19673,406.15
19687,406.15
19701,406.15
19714,406.15
19728,406.15
19742,407.15
19756,407.15
19770,407.15
19784,407.15
19798,407.15
19812,407.15
19826,408.15
19839,408.15
19853,408.15
19867,408.15
19881,408.15
19895,408.15
19909,409.15
19923,409.15
19937,409.15
19950,409.15
19964,409.15
19978,410.15
19992,410.15
20006,410.15
20020,410.15
20034,411.15
20048,411.15
20062,412.15
20075,412.15
20089,412.15
20103,413.15
20117,413.15
20131,414.15
20145,414.15
20159,415.15
20173,415.15
20186,416.15
20200,416.15
20214,417.15
20228,417.15
20242,418.15
20256,418.15
20270,418.15
20284,419.15
20298,419.15
20311,420.15
20325,420.15
20339,420.15
20353,421.15
20367,421.15
20381,421.15
20395,422.15
20409,422.15
20423,422.15
20436,423.15
20450,423.15
20464,423.15
20478,424.15
20492,424.15
20506,424.15
20520,424.15
20534,425.15
20547,425.15
20561,425.15
20575,425.15
20589,426.15
20603,426.15
20617,426.15
20631,426.15
20645,426.15
20659,427.15
20672,427.15
20686,427.15
20700,427.15
20714,427.15
20728,427.15
20742,428.15
20756,428.15
20770,428.15
20783,428.15
20797,428.15
20811,428.15
20825,428.15
20839,429.15
20853,429.15
20867,429.15
20881,429.15
20895,429.15
20908,429.15
20922,429.15
20936,429.15
20950,430.15
20964,430.15
20978,430.15
20992,430.15
21006,430.15
21019,430.15
21033,430.15
21047,430.15
21061,430.15
21075,431.15
21089,431.15
21103,431.15
21117,431.15
21131,432.15
21144,432.15
21158,432.15
21172,433.15
21186,433.15
21200,434.15
21214,434.15
21228,435.15
21242,435.15
21255,436.15
21269,436.15
21283,437.15
21297,437.15
21311,438.15
21325,438.15
21339,439.15
21353,439.15
21367,440.15
21380,440.15
21394,441.15
21408,441.15
21422,441.15
21436,442.15
21450,442.15
21464,442.15
21478,443.15
21492,443.15
21505,443.15
21519,444.15
21533,444.15
21547,444.15
21561,445.15
21575,445.15
21589,445.15
21603,445.15
21616,446.15
21630,446.15
21644,446.15
21658,446.15
21672,447.15
21686,447.15
21700,447.15
21714,447.15
21728,447.15
21741,448.15
21755,448.15
21769,448.15
21783,448.15
21797,448.15
21811,448.15
21825,448.15
21839,449.15
21852,449.15
21866,449.15
21880,449.15
21894,449.15
21908,449.15
21922,449.15
21936,449.15
21950,449.15
21964,449.15
21977,450.15
21991,450.15
22005,450.15
22019,450.15
22033,450.15
22047,450.15
22061,451.15
22075,451.15
22088,451.15
22102,452.15
22116,452.15
22130,453.15
22144,453.15
22158,454.15
22172,454.15
22186,455.15
22200,455.15
22213,456.15
22227,456.15
22241,457.15
22255,458.15
22269,458.15
22283,459.15
22297,459.15
22311,460.15
22324,460.15
22338,460.15
22352,461.15
22366,461.15
22380,461.15
22394,462.15
22408,462.15
22422,462.15
22436,463.15
22449,463.15
22463,463.15
22477,464.15
22491,464.15
22505,464.15
22519,464.15
22533,465.15
22547,465.15
22561,465.15
22574,465.15
22588,466.15
22602,466.15
22616,466.15
22630,466.15
22644,466.15
22658,466.15
22672,467.15
22685,467.15
22699,467.15
22713,467.15
22727,467.15
22741,467.15
22755,467.15
22769,468.15
22783,468.15
22797,468.15
22810,468.15
22824,468.15
22838,468.15
22852,468.15
22866,468.15
22880,468.15
22894,468.15
22908,468.15
22921,468.15
22935,468.15
22949,468.15
22963,469.15
22977,469.15
22991,469.15
23005,469.15
23019,469.15
23033,469.15
23046,470.15
23060,470.15
23074,470.15
23088,471.15
23102,471.15
23116,472.15
23130,472.15
23144,473.15
23158,473.15
23171,474.15
23185,474.15
23199,475.15
23213,476.15
23227,476.15
23241,477.15
23255,477.15
23269,478.15
23282,478.15
23296,479.15
23310,479.15
23324,479.15
23338,480.15
23352,480.15
23366,481.15
23380,481.15
23393,481.15
23407,482.15
23421,482.15
23435,482.15
23449,483.15
23463,483.15
23477,483.15
23491,483.15
23505,484.15
23518,484.15
23532,484.15
23546,484.15
23560,484.15
23574,485.15
23588,485.15
23602,485.15
23616,485.15
23630,485.15
23643,485.15
23657,486.15
23671,486.15
23685,486.15
23699,486.15
23713,486.15
23727,486.15
23741,486.15
23754,486.15
23768,486.15
23782,486.15
23796,487.15
23810,487.15
23824,487.15
23838,487.15
23852,487.15
23866,487.15
23879,487.15
23893,487.15
23907,487.15
23921,487.15
23935,487.15
23949,487.15
23963,488.15
23977,488.15
23990,488.15
24004,488.15
24018,488.15
24032,489.15
24046,489.15
24060,490.15
24074,490.15
24088,491.15
24102,491.15
24115,492.15
24129,493.15
24143,493.15
24157,494.15
24171,494.15
24185,495.15
24199,495.15
24213,496.15
24226,496.15
24240,497.15
24254,497.15
24268,498.15
24282,498.15
24296,498.15
24310,499.15
24324,499.15
24338,499.15
24351,500.15
24365,500.15
24379,500.15
24393,500.15
24407,501.15
24421,501.15
24435,501.15
24449,501.15
24463,502.15
24476,502.15
24490,502.15
24504,502.15
24518,502.15
24532,502.15
24546,502.15
24560,503.15
24574,503.15
24587,503.15
24601,503.15
24615,503.15
24629,503.15
24643,503.15
24657,503.15
24671,503.15
24685,503.15
24699,504.15
24712,504.15
24726,504.15
24740,504.15
24754,504.15
24768,504.15
24782,504.15
24796,504.15
24810,504.15
24823,504.15
24837,504.15
24851,504.15
24865,504.15
24879,504.15
24893,504.15
24907,505.15
24921,505.15
24935,505.15
24948,506.15
24962,506.15
24976,507.15
24990,507.15
25004,508.15
25018,509.15
25032,509.15
25046,510.15
25059,510.15
25073,511.15
25087,511.15
25101,512.15
25115,512.15
25129,513.15
25143,514.15
25157,514.15
25171,514.15
25184,515.15
25198,515.15
25212,516.15
25226,516.15
25240,516.15
25254,516.15
25268,517.15
25282,517.15
25295,517.15
25309,517.15
25323,518.15
25337,518.15
25351,518.15
25365,518.15
25379,518.15
25393,519.15
25407,519.15
25420,519.15
25434,519.15
25448,519.15
25462,519.15
25476,519.15
25490,519.15
25504,519.15
25518,519.15
25532,520.15
25545,520.15
25559,520.15
25573,520.15
25587,520.15
25601,520.15
25615,520.15
25629,520.15
25643,520.15
25656,520.15
25670,520.15
25684,520.15
25698,521.15
25712,521.15
25726,521.15
25740,522.15
25754,522.15
25768,523.15
25781,523.15
25795,524.15
25809,524.15
25823,525.15
25837,526.15
25851,526.15
25865,527.15
25879,527.15
25892,528.15
25906,528.15
25920,529.15
25934,529.15
25948,530.15
25962,530.15
25976,530.15
25990,531.15
26004,531.15
26017,531.15
26031,532.15
26045,532.15
26059,532.15
26073,533.15
26087,533.15
26101,533.15
26115,533.15
26128,533.15
26142,534.15
26156,534.15
26170,534.15
26184,534.15
26198,534.15
26212,534.15
26226,534.15
26240,535.15
26253,535.15
26267,535.15
26281,535.15
26295,535.15
26309,535.15
26323,535.15
26337,535.15
26351,535.15
26364,535.15
26378,535.15
26392,535.15
26406,536.15
26420,536.15
26434,536.15
26448,536.15
26462,537.15
26476,537.15
26489,537.15
26503,538.15
26517,538.15
26531,539.15
26545,539.15
26559,540.15
26573,540.15
26587,541.15
26601,542.15
26614,542.15
26628,543.15
26642,543.15
26656,543.15
26670,544.15
26684,544.15
26698,545.15
26712,545.15
26725,545.15
26739,546.15
26753,546.15
26767,546.15
26781,547.15
26795,547.15
26809,547.15
26823,547.15
26837,547.15
26850,547.15
26864,548.15
26878,548.15
26892,548.15
26906,548.15
26920,548.15
26934,548.15
26948,548.15
26961,548.15
26975,548.15
26989,548.15
27003,549.15
27017,549.15
27031,549.15
27045,549.15
27059,549.15
27073,549.15
27086,549.15
27100,550.15
27114,550.15
27128,550.15
27142,551.15
27156,551.15
27170,551.15
27184,552.15
27197,552.15
27211,553.15
27225,553.15
27239,554.15
27253,554.15
27267,555.15
27281,555.15
27295,555.15
27309,556.15
27322,556.15
27336,557.15
27350,557.15
27364,557.15
27378,558.15
27392,558.15
27406,558.15
27420,558.15
27433,559.15
27447,559.15
27461,559.15
27475,559.15
27489,559.15
27503,560.15
27517,560.15
27531,560.15
27545,560.15
27558,560.15
27572,560.15
27586,560.15
27600,560.15
27614,560.15
27628,560.15
27642,561.15
27656,561.15
27670,561.15
27683,561.15
27697,561.15
27711,561.15
27725,562.15
27739,562.15
27753,562.15
27767,563.15
27781,563.15
27794,563.15
27808,564.15
27822,564.15
27836,565.15
27850,565.15
27864,566.15
27878,566.15
27892,567.15
27906,567.15
27919,567.15
27933,568.15
27947,568.15
27961,569.15
27975,569.15
27989,569.15
28003,570.15
28017,570.15
28030,570.15
28044,570.15
28058,571.15
28072,571.15
28086,571.15
28100,571.15
28114,571.15
28128,571.15
28142,571.15
28155,572.15
28169,572.15
28183,572.15
28197,572.15
28211,572.15
28225,572.15
28239,572.15
28253,572.15
28266,573.15
28280,573.15
28294,573.15
28308,573.15
28322,574.15
28336,574.15
28350,574.15
28364,575.15
28378,575.15
28391,575.15
28405,576.15
28419,576.15
28433,577.15
28447,577.15
28461,577.15
28475,578.15
28489,578.15
28503,578.15
28516,579.15
28530,579.15
28544,579.15
28558,580.15
28572,580.15
28586,580.15
28600,580.15
28614,580.15
28627,581.15
28641,581.15
28655,581.15
28669,581.15
28683,581.15
28697,581.15
28711,581.15
28725,581.15
28739,582.15
28752,582.15
28766,582.15
28780,582.15
28794,582.15
28808,582.15
28822,582.15
28836,583.15
28850,583.15
28863,583.15
28877,583.15
28891,584.15
28905,584.15
28919,584.15
28933,585.15
28947,585.15
28961,586.15
28975,586.15
28988,586.15
29002,587.15
29016,587.15
29030,587.15
29044,588.15
29058,588.15
29072,588.15
29086,589.15
29099,589.15
29113,589.15
29127,590.15
29141,590.15
29155,590.15
29169,590.15
29183,590.15
29197,591.15
29211,591.15
29224,591.15
29238,591.15
29252,591.15
29266,591.15
29280,591.15
29294,592.15
29308,592.15
29322,592.15
29336,592.15
29349,592.15
29363,592.15
29377,593.15
29391,593.15
29405,593.15
29419,594.15
29433,594.15
29447,594.15
29460,595.15
29474,595.15
29488,595.15
29502,596.15
29516,596.15
29530,596.15
29544,597.15
29558,597.15
29572,597.15
29585,598.15
29599,598.15
29613,598.15
29627,599.15
29641,599.15
29655,599.15
29669,599.15
29683,600.15
29696,600.15
29710,600.15
29724,600.15
29738,600.15
29752,600.15
29766,600.15
29780,600.15
29794,600.15
29808,601.15
29821,601.15
29835,601.15
29849,601.15
29863,601.15
29877,601.15
29891,601.15
29905,601.15
29919,601.15
29932,601.15
29946,601.15
29960,601.15
29974,601.15
29988,601.15
30002,601.15
30016,601.15
30030,601.15
30044,601.15
30057,601.15
30071,601.15
30085,601.15
30099,602.15
30113,602.15
30127,602.15
30141,602.15
30155,602.15
30168,602.15
30182,602.15
30196,602.15
30210,602.15
30224,603.15
30238,603.15
30252,603.15
30266,603.15
30280,603.15
30293,603.15
30307,603.15
30321,603.15
30335,603.15
30349,603.15
30363,603.15
30377,603.15
30391,603.15
30404,603.15
30418,603.15
30432,603.15
30446,603.15
30460,603.15
30474,603.15
30488,603.15
30502,602.15
30516,602.15
30529,602.15
30543,602.15
30557,602.15
30571,602.15
30585,602.15
30599,602.15
30613,602.15
30627,602.15
30641,602.15
30654,602.15
30668,602.15
30682,601.15
30696,601.15
30710,601.15
30724,601.15
30738,601.15
30752,601.15
30765,601.15
30779,601.15
30793,602.15
30807,602.15
30821,602.15
30835,602.15
30849,602.15
30863,602.15
30877,602.15
30890,602.15
30904,602.15
30918,602.15
30932,602.15
30946,602.15
30960,602.15
30974,602.15
30988,602.15
31001,602.15
31015,602.15
31029,602.15
31043,602.15
31057,602.15
31071,602.15
31085,602.15
31099,602.15
31113,602.15
31126,601.15
31140,601.15
31154,601.15
31168,601.15
31182,601.15
31196,601.15
31210,601.15
31224,601.15
31238,600.15
31251,600.15
31265,600.15
31279,600.15
31293,600.15
31307,600.15
31321,600.15
31335,599.15
31349,599.15
31362,599.15
31376,599.15
31390,599.15
31404,599.15
31418,598.15
31432,598.15
31446,598.15
31460,598.15
31474,598.15
31487,598.15
31501,597.15
31515,597.15
31529,597.15
31543,597.15
31557,597.15
31571,597.15
31585,597.15
31598,597.15
31612,597.15
31626,596.15
31640,596.15
31654,596.15
31668,596.15
31682,596.15
31696,596.15
31710,596.15
31723,596.15
31737,596.15
31751,596.15
31765,596.15
31779,596.15
31793,596.15
31807,596.15
31821,596.15
31834,596.15
31848,596.15
31862,596.15
31876,596.15
31890,596.15
31904,596.15
31918,596.15
31932,596.15
31946,596.15
31959,596.15
31973,596.15
31987,596.15
32001,596.15
32015,595.15
32029,595.15
32043,595.15
32057,595.15
32070,595.15
32084,595.15
32098,595.15
32112,595.15
32126,595.15
32140,594.15
32154,594.15
32168,594.15
32182,594.15
32195,594.15
32209,594.15
32223,593.15
32237,593.15
32251,593.15
32265,593.15
32279,593.15
32293,593.15
32307,592.15
32320,592.15
32334,592.15
32348,592.15
32362,592.15
32376,592.15
32390,591.15
32404,591.15
32418,591.15
32431,591.15
32445,591.15
32459,590.15
32473,590.15
32487,590.15
32501,590.15
32515,589.15
32529,589.15
32543,589.15
32556,589.15
32570,589.15
32584,588.15
32598,588.15
32612,588.15
32626,588.15
32640,588.15
32654,587.15
32667,587.15
32681,587.15
32695,587.15
32709,586.15
32723,586.15
32737,586.15
32751,586.15
32765,586.15
32779,585.15
32792,585.15
32806,585.15
32820,585.15
32834,584.15
32848,584.15
32862,584.15
32876,584.15
32890,584.15
32903,584.15
32917,583.15
32931,583.15
32945,583.15
32959,583.15
32973,583.15
32987,583.15
33001,583.15
33015,583.15
33028,583.15
33042,583.15
33056,582.15
33070,583.15
33084,582.15
33098,582.15
33112,582.15
33126,582.15
33139,582.15
33153,582.15
33167,582.15
33181,582.15
33195,582.15
33209,582.15
33223,582.15
33237,582.15
33251,582.15
33264,582.15
33278,582.15
33292,582.15
33306,582.15
33320,582.15
33334,582.15
33348,582.15
33362,582.15
33376,581.15
33389,581.15
33403,581.15
33417,581.15
33431,581.15
33445,581.15
33459,581.15
33473,581.15
33487,581.15
33500,580.15
33514,580.15
33528,580.15
33542,580.15
33556,580.15
33570,580.15
33584,580.15
33598,579.15
33612,579.15
33625,579.15
33639,579.15
33653,579.15
33667,579.15
33681,579.15
33695,578.15
33709,578.15
33723,578.15
33736,578.15
33750,578.15
33764,578.15
33778,577.15
33792,577.15
33806,577.15
33820,577.15
33834,577.15
33848,577.15
33861,576.15
33875,576.15
33889,576.15
33903,576.15
33917,576.15
33931,575.15
33945,575.15
33959,575.15
33972,575.15
33986,575.15
34000,574.15
34014,574.15
34028,574.15
34042,574.15
34056,574.15
34070,573.15
34084,573.15
34097,573.15
34111,573.15
34125,573.15
34139,573.15
34153,572.15
34167,572.15
34181,572.15
34195,572.15
34209,572.15
34222,571.15
34236,571.15
34250,571.15
34264,571.15
34278,570.15
34292,570.15
34306,570.15
34320,570.15
34333,570.15
34347,569.15
34361,569.15
34375,569.15
34389,569.15
34403,569.15
34417,568.15
34431,568.15
34445,568.15
34458,568.15
34472,567.15
34486,567.15
34500,567.15
34514,567.15
34528,567.15
34542,566.15
34556,566.15
34569,566.15
34583,566.15
34597,566.15
34611,565.15
34625,565.15
34639,565.15
34653,565.15
34667,564.15
34681,564.15
34694,564.15
34708,564.15
34722,564.15
34736,563.15
34750,563.15
34764,563.15
34778,563.15
34792,562.15
34805,562.15
34819,562.15
34833,562.15
34847,562.15
34861,561.15
34875,561.15
34889,561.15
34903,561.15
34917,561.15
34930,560.15
34944,560.15
34958,560.15
34972,560.15
34986,559.15
35000,559.15
35014,559.15
35028,559.15
35041,559.15
35055,558.15
35069,558.15
35083,558.15
35097,558.15
35111,557.15
35125,557.15
35139,557.15
35153,557.15
35166,557.15
35180,556.15
35194,556.15
35208,556.15
35222,556.15
35236,555.15
35250,555.15
35264,555.15
35278,555.15
35291,555.15
35305,554.15
35319,554.15
35333,554.15
35347,554.15
35361,553.15
35375,553.15
35389,553.15
35402,553.15
35416,553.15
35430,552.15
35444,552.15
35458,552.15
35472,552.15
35486,551.15
35500,551.15
35514,551.15
35527,551.15
35541,551.15
35555,550.15
35569,550.15
35583,550.15
35597,550.15
35611,550.15
35625,549.15
35638,549.15
35652,549.15
35666,549.15
35680,548.15
35694,548.15
35708,548.15
35722,548.15
35736,548.15
35750,548.15
35763,547.15
35777,547.15
35791,547.15
35805,547.15
35819,547.15
35833,546.15
35847,546.15
35861,546.15
35874,546.15
35888,546.15
35902,546.15
35916,545.15
35930,545.15
35944,545.15
35958,545.15
35972,545.15
35986,545.15
35999,545.15
36013,544.15
36027,544.15
36041,544.15
36055,544.15
36069,544.15
36083,544.15
36097,544.15
36110,544.15
36124,544.15
36138,543.15
36152,543.15
36166,543.15
36180,543.15
36194,543.15
36208,543.15
36222,543.15
36235,543.15
36249,543.15
36263,543.15
36277,542.15
36291,542.15
36305,542.15
36319,542.15
36333,542.15
36347,542.15
36360,542.15
36374,542.15
36388,541.15
36402,541.15
36416,541.15
36430,541.15
36444,541.15
36458,541.15
36471,541.15
36485,540.15
36499,540.15
36513,540.15
36527,540.15
36541,540.15
36555,540.15
36569,540.15
36583,540.15
36596,539.15
36610,539.15
36624,539.15
36638,539.15
36652,539.15
36666,539.15
36680,539.15
36694,538.15
36707,538.15
36721,538.15
36735,538.15
36749,538.15
36763,538.15
36777,538.15
36791,537.15
36805,537.15
36819,537.15
36832,537.15
36846,537.15
36860,537.15
36874,537.15
36888,536.15
36902,536.15
36916,536.15
36930,536.15
36943,536.15
36957,536.15
36971,535.15
36985,535.15
36999,535.15
37013,535.15
37027,535.15
37041,535.15
37055,535.15
37068,534.15
37082,534.15
37096,534.15
37110,534.15
37124,534.15
37138,534.15
37152,534.15
37166,533.15
37180,533.15
37193,533.15
37207,533.15
37221,533.15
37235,533.15
37249,532.15
37263,532.15
37277,532.15
37291,532.15
37304,532.15
37318,532.15
37332,531.15
37346,531.15
37360,531.15
37374,531.15
37388,531.15
37402,531.15
37416,530.15
37429,530.15
37443,530.15
37457,530.15
37471,530.15
37485,530.15
37499,529.15
37513,529.15
37527,529.15
37540,529.15
37554,529.15
37568,529.15
37582,528.15
37596,528.15
37610,528.15
37624,528.15
37638,528.15
37652,528.15
37665,527.15
37679,527.15
37693,527.15
37707,527.15
37721,527.15
37735,527.15
37749,526.15
37763,526.15
37776,526.15
37790,526.15
37804,526.15
37818,526.15
37832,525.15
37846,525.15
37860,525.15
37874,525.15
37888,525.15
37901,525.15
37915,524.15
37929,524.15
37943,524.15
37957,524.15
37971,524.15
37985,524.15
37999,523.15
38012,523.15
38026,523.15
38040,523.15
38054,523.15
38068,523.15
38082,522.15
38096,522.15
38110,522.15
38124,522.15
38137,522.15
38151,522.15
38165,521.15
38179,521.15
38193,521.15
38207,521.15
38221,521.15
38235,521.15
38249,520.15
38262,520.15
38276,520.15
38290,520.15
38304,520.15
38318,520.15
38332,519.15
38346,519.15
38360,519.15
38373,519.15
38387,519.15
38401,519.15
38415,518.15
38429,518.15
38443,518.15
38457,518.15
38471,518.15
38485,518.15
38498,517.15
38512,517.15
38526,517.15
38540,517.15
38554,517.15
38568,517.15
38582,516.15
38596,516.15
38609,516.15
38623,516.15
38637,516.15
38651,516.15
38665,515.15
38679,515.15
38693,515.15
38707,515.15
38721,515.15
38734,515.15
38748,515.15
38762,514.15
38776,514.15
38790,514.15
38804,514.15
38818,514.15
38832,514.15
38845,513.15
38859,513.15
38873,513.15
38887,513.15
38901,513.15
38915,513.15
38929,512.15
38943,512.15
38957,512.15
38970,512.15
38984,512.15
38998,512.15
39012,511.15
39026,511.15
39040,511.15
39054,511.15
39068,511.15
39081,511.15
39095,510.15
39109,510.15
39123,510.15
39137,510.15
39151,510.15
39165,510.15
39179,510.15
39193,509.15
39206,509.15
39220,509.15
39234,509.15
39248,509.15
39262,509.15
39276,508.15
39290,508.15
39304,508.15
39318,508.15
39331,508.15
39345,508.15
39359,508.15
39373,507.15
39387,507.15
39401,507.15
39415,507.15
39429,507.15
39442,507.15
39456,506.15
39470,506.15
39484,506.15
39498,506.15
39512,506.15
39526,506.15
39540,505.15
39554,505.15
39567,505.15
39581,505.15
39595,505.15
39609,505.15
39623,505.15
39637,504.15
39651,504.15
39665,504.15
39678,504.15
39692,504.15
39706,504.15
39720,503.15
39734,503.15
39748,503.15
39762,503.15
39776,503.15
39790,503.15
39803,502.15
39817,502.15
39831,502.15
39845,502.15
39859,502.15
39873,502.15
39887,502.15
39901,501.15
39914,501.15
39928,501.15
39942,501.15
39956,501.15
39970,501.15
39984,501.15
39998,500.15
40012,500.15
40026,500.15
40039,500.15
40053,500.15
40067,500.15
40081,499.15
40095,499.15
40109,499.15
40123,499.15
40137,499.15
40150,499.15
40164,498.15
40178,498.15
40192,498.15
40206,498.15
40220,498.15
40234,498.15
40248,498.15
40262,498.15
40275,497.15
40289,497.15
40303,497.15
40317,497.15
40331,497.15
40345,497.15
40359,497.15
40373,496.15
40387,496.15
40400,496.15
40414,496.15
40428,496.15
40442,496.15
40456,496.15
40470,495.15
40484,495.15
40498,495.15
40511,495.15
40525,495.15
40539,495.15
40553,495.15
40567,494.15
40581,494.15
40595,494.15
40609,494.15
40623,494.15
40636,494.15
40650,494.15
40664,493.15
40678,493.15
40692,493.15
40706,493.15
40720,493.15
40734,493.15
40747,493.15
40761,492.15
40775,492.15
40789,492.15
40803,492.15
40817,492.15
40831,492.15
40845,492.15
40859,492.15
40872,491.15
40886,491.15
40900,491.15
40914,491.15
40928,491.15
40942,491.15
40956,491.15
40970,490.15
40983,490.15
40997,490.15
41011,490.15
41025,490.15
41039,490.15
41053,490.15
41067,489.15
41081,489.15
41095,489.15
41108,489.15
41122,489.15
41136,489.15
41150,489.15
41164,489.15
41178,488.15
41192,488.15
41206,488.15
41220,488.15
41233,488.15
41247,488.15
41261,488.15
41275,487.15
41289,487.15
41303,487.15
41317,487.15
41331,487.15
41344,487.15
41358,487.15
41372,486.15
41386,486.15
41400,486.15
41414,486.15
41428,486.15
41442,486.15
41456,486.15
41469,485.15
41483,485.15
41497,485.15
41511,485.15
41525,485.15
41539,485.15
41553,485.15
41567,485.15
41580,484.15
41594,484.15
41608,484.15
41622,484.15
41636,484.15
41650,484.15
41664,484.15
41678,483.15
41692,483.15
41705,483.15
41719,483.15
41733,483.15
41747,483.15
41761,483.15
41775,483.15
41789,482.15
41803,482.15
41816,482.15
41830,482.15
41844,482.15
41858,482.15
41872,482.15
41886,481.15
41900,481.15
41914,481.15
41928,481.15
41941,481.15
41955,481.15
41969,481.15
41983,481.15
41997,481.15
42011,480.15
42025,480.15
42039,480.15
42052,480.15
42066,480.15
42080,480.15
42094,480.15
42108,480.15
42122,479.15
42136,479.15
42150,479.15
42164,479.15
42177,479.15
42191,479.15
42205,479.15
42219,479.15
42233,478.15
42247,478.15
42261,478.15
42275,478.15
42289,478.15
42302,478.15
42316,478.15
42330,478.15
42344,477.15
42358,477.15
42372,477.15
42386,477.15
42400,477.15
42413,477.15
42427,477.15
42441,477.15
42455,476.15
42469,476.15
42483,476.15
42497,476.15
42511,476.15
42525,476.15
42538,476.15
42552,476.15
42566,475.15
42580,475.15
42594,475.15
42608,475.15
42622,475.15
42636,475.15
42649,475.15
42663,475.15
42677,475.15
42691,474.15
42705,474.15
42719,474.15
42733,474.15
42747,474.15
42761,474.15
42774,474.15
42788,474.15
42802,473.15
42816,473.15
42830,473.15
42844,473.15
42858,473.15
42872,473.15
42885,473.15
42899,473.15
42913,473.15
42927,472.15
42941,472.15
42955,472.15
42969,472.15
42983,472.15
42997,472.15
43010,472.15
43024,472.15
43038,472.15
43052,471.15
43066,471.15
43080,471.15
43094,471.15
43108,471.15
43121,471.15
43135,471.15
43149,471.15
43163,471.15
43177,470.15
43191,470.15
43205,470.15
43219,470.15
43233,470.15
43246,470.15
43260,470.15
43274,470.15
43288,469.15
43302,469.15
43316,469.15
43330,469.15
43344,469.15
43358,469.15
43371,469.15
43385,469.15
43399,469.15
43413,468.15
43427,468.15
43441,468.15
43455,468.15
43469,468.15
43482,468.15
43496,468.15
43510,468.15
43524,468.15
43538,467.15
43552,467.15
43566,467.15
43580,467.15
43594,467.15
43607,467.15
43621,467.15
43635,467.15
43649,467.15
43663,466.15
43677,466.15
43691,466.15
43705,466.15
43718,466.15
43732,466.15
43746,466.15
43760,466.15
43774,466.15
43788,465.15
43802,465.15
43816,465.15
43830,465.15
43843,465.15
43857,465.15
43871,465.15
43885,465.15
43899,464.15
43913,464.15
43927,464.15
43941,464.15
43954,464.15
43968,464.15
43982,464.15
43996,464.15
44010,464.15
44024,464.15
44038,464.15
44052,463.15
44066,463.15
44079,463.15
44093,463.15
44107,463.15
44121,463.15
44135,463.15
44149,463.15
44163,462.15
44177,462.15
44190,462.15
44204,462.15
44218,462.15
44232,462.15
44246,462.15
44260,462.15
44274,462.15
44288,461.15
44302,461.15
44315,461.15
44329,461.15
44343,461.15
44357,461.15
44371,461.15
44385,461.15
44399,461.15
44413,461.15
44427,460.15
44440,460.15
44454,460.15
44468,460.15
44482,460.15
44496,460.15
44510,460.15
44524,460.15
44538,460.15
44551,459.15
44565,459.15
44579,459.15
44593,459.15
44607,459.15
44621,459.15
44635,459.15
44649,459.15
44663,459.15
44676,458.15
44690,458.15
44704,458.15
44718,458.15
44732,458.15
44746,458.15
44760,458.15
44774,458.15
44787,458.15
44801,457.15
44815,457.15
44829,457.15
44843,457.15
44857,457.15
44871,457.15
44885,457.15
44899,457.15
44912,457.15
44926,457.15
44940,457.15
44954,456.15
44968,456.15
44982,456.15
44996,456.15
45010,456.15
45023,456.15
45037,456.15
45051,456.15
45065,456.15
45079,455.15
45093,455.15
45107,455.15
45121,455.15
45135,455.15
45148,455.15
45162,455.15
45176,455.15
45190,455.15
45204,455.15
45218,455.15
45232,454.15
45246,454.15
45260,454.15
45273,454.15
45287,454.15
45301,454.15
45315,454.15
45329,454.15
45343,454.15
45357,453.15
45371,453.15
45384,453.15
45398,453.15
45412,453.15
45426,453.15
45440,453.15
45454,453.15
45468,453.15
45482,453.15
45496,453.15
45509,452.15
45523,452.15
45537,452.15
45551,452.15
45565,452.15
45579,452.15
45593,452.15
45607,452.15
45620,452.15
45634,451.15
45648,451.15
45662,451.15
45676,451.15
45690,451.15
45704,451.15
45718,451.15
45732,451.15
45745,451.15
45759,451.15
45773,450.15
45787,450.15
45801,450.15
45815,450.15
45829,450.15
45843,450.15
45856,450.15
45870,450.15
45884,450.15
45898,450.15
45912,450.15
45926,449.15
45940,449.15
45954,449.15
45968,449.15
45981,449.15
45995,449.15
46009,449.15
46023,449.15
46037,449.15
46051,449.15
46065,448.15
46079,448.15
46093,448.15
46106,448.15
46120,448.15
46134,448.15
46148,448.15
46162,448.15
46176,448.15
46190,448.15
46204,448.15
46217,447.15
46231,447.15
46245,447.15
46259,447.15
46273,447.15
46287,447.15
46301,447.15
46315,447.15
46329,447.15
46342,447.15
46356,446.15
46370,446.15
46384,446.15
46398,446.15
46412,446.15
46426,446.15
46440,446.15
46453,446.15
46467,446.15
46481,446.15
46495,445.15
46509,445.15
46523,445.15
46537,445.15
46551,445.15
46565,445.15
46578,445.15
46592,445.15
46606,445.15
46620,445.15
46634,445.15
46648,444.15
46662,444.15
46676,444.15
46689,444.15
46703,444.15
46717,444.15
46731,444.15
46745,444.15
46759,444.15
46773,444.15
46787,444.15
46801,443.15
46814,443.15
46828,443.15
46842,443.15
46856,443.15
46870,443.15
46884,443.15
46898,443.15
46912,443.15
46925,443.15
46939,443.15
46953,442.15
46967,442.15
46981,442.15
46995,442.15
47009,442.15
47023,442.15
47037,442.15
47050,442.15
47064,442.15
47078,442.15
47092,442.15
47106,441.15
47120,441.15
47134,441.15
47148,441.15
47162,441.15
47175,441.15
47189,441.15
47203,441.15
47217,441.15
47231,441.15
47245,440.15
47259,440.15
47273,440.15
47286,440.15
47300,440.15
47314,440.15
47328,440.15
47342,440.15
47356,440.15
47370,440.15
47384,440.15
47398,439.15
47411,439.15
47425,439.15
47439,439.15
47453,439.15
47467,439.15
47481,439.15
47495,439.15
47509,439.15
47522,439.15
47536,439.15
47550,439.15
47564,438.15
47578,438.15
47592,438.15
47606,438.15
47620,438.15
47634,438.15
47647,438.15
47661,438.15
47675,438.15
47689,438.15
47703,438.15
47717,437.15
47731,437.15
47745,437.15
47758,437.15
47772,437.15
47786,437.15
47800,437.15
47814,437.15
47828,437.15
47842,437.15
47856,437.15
47870,436.15
47883,436.15
47897,436.15
47911,436.15
47925,436.15
47939,436.15
47953,436.15
47967,436.15
47981,436.15
47995,436.15
48008,436.15
48022,436.15
48036,435.15
48050,435.15
48064,435.15
48078,435.15
48092,435.15
48106,435.15
48119,435.15
48133,435.15
48147,435.15
48161,435.15
48175,435.15
48189,435.15
48203,435.15
48217,434.15
48231,434.15
48244,434.15
48258,434.15
48272,434.15
48286,434.15
48300,434.15
48314,434.15
48328,434.15
48342,434.15
48355,434.15
48369,433.15
48383,433.15
48397,433.15
48411,433.15
48425,433.15
48439,433.15
48453,433.15
48467,433.15
48480,433.15
48494,433.15
48508,433.15
48522,433.15
48536,432.15
48550,432.15
48564,432.15
48578,432.15
48591,432.15
48605,432.15
48619,432.15
48633,432.15
48647,432.15
48661,432.15
48675,432.15
48689,432.15
48703,432.15
48716,431.15
48730,431.15
48744,431.15
48758,431.15
48772,431.15
48786,431.15
48800,431.15
48814,431.15
48827,431.15
48841,431.15
48855,431.15
48869,431.15
48883,430.15
48897,430.15
48911,430.15
48925,430.15
48939,430.15
48952,430.15
48966,430.15
48980,430.15
48994,430.15
49008,430.15
49022,430.15
49036,430.15
49050,430.15
49064,429.15
49077,429.15
49091,429.15
49105,429.15
49119,429.15
49133,429.15
49147,429.15
49161,429.15
49175,429.15
49188,429.15
49202,429.15
49216,429.15
49230,429.15
49244,428.15
49258,428.15
49272,428.15
49286,428.15
49300,428.15
49313,428.15
49327,428.15
49341,428.15
49355,428.15
49369,428.15
49383,428.15
49397,428.15
49411,428.15
49424,427.15
49438,427.15
49452,427.15
49466,427.15
49480,427.15
49494,427.15
49508,427.15
49522,427.15
49536,427.15
49549,427.15
49563,427.15
49577,427.15
49591,427.15
49605,426.15
49619,426.15
49633,426.15
49647,426.15
49660,426.15
49674,426.15
49688,426.15
49702,426.15
49716,426.15
49730,426.15
49744,426.15
49758,426.15
49772,426.15
49785,425.15
49799,425.15
49813,425.15
49827,425.15
49841,425.15
49855,425.15
49869,425.15
49883,425.15
49896,425.15
49910,425.15
49924,425.15
49938,425.15
49952,425.15
49966,424.15
49980,424.15
49994,424.15
50008,424.15
50021,424.15
50035,424.15
50049,424.15
50063,424.15
50077,424.15
50091,424.15
50105,424.15
50119,424.15
50133,424.15
50146,423.15
50160,423.15
50174,423.15
50188,423.15
50202,423.15
50216,423.15
50230,423.15
50244,423.15
50257,423.15
50271,423.15
50285,423.15
50299,423.15
50313,423.15
50327,422.15
50341,422.15
50355,422.15
50369,422.15
50382,422.15
50396,422.15
50410,422.15
50424,422.15
50438,422.15
50452,422.15
50466,422.15
50480,422.15
50493,422.15
50507,422.15
50521,421.15
50535,421.15
50549,421.15
50563,421.15
50577,421.15
50591,421.15
50605,421.15
50618,421.15
50632,421.15
50646,421.15
50660,421.15
50674,421.15
50688,421.15
50702,420.15
50716,420.15
50729,420.15
50743,420.15
50757,420.15
50771,420.15
50785,420.15
50799,420.15
50813,420.15
50827,420.15
50841,420.15
50854,420.15
50868,420.15
50882,419.15
50896,419.15
50910,419.15
50924,419.15
50938,419.15
50952,419.15
50965,419.15
50979,419.15
50993,419.15
51007,419.15
51021,419.15
51035,419.15
51049,419.15
51063,419.15
51077,419.15
51090,418.15
51104,418.15
51118,418.15
51132,418.15
51146,418.15
51160,418.15
51174,418.15
51188,418.15
51202,418.15
51215,418.15
51229,418.15
51243,418.15
51257,418.15
51271,417.15
51285,417.15
51299,417.15
51313,417.15
51326,417.15
51340,417.15
51354,417.15
51368,417.15
51382,417.15
51396,417.15
51410,417.15
51424,417.15
51438,417.15
51451,417.15
51465,416.15
51479,416.15
51493,416.15
51507,416.15
51521,416.15
51535,416.15
51549,416.15
51562,416.15
51576,416.15
51590,416.15
51604,416.15
51618,416.15
51632,416.15
51646,416.15
51660,415.15
51674,415.15
51687,415.15
51701,415.15
51715,415.15
51729,415.15
51743,415.15
51757,415.15
51771,415.15
51785,415.15
51798,415.15
51812,415.15
51826,415.15
51840,415.15
51854,415.15
51868,414.15
51882,414.15
51896,414.15
51910,414.15
51923,414.15
51937,414.15
51951,414.15
51965,414.15
51979,414.15
51993,414.15
52007,414.15
52021,414.15
52034,414.15
52048,414.15
52062,414.15
52076,413.15
52090,413.15
52104,413.15
52118,413.15
52132,413.15
52146,413.15
52159,413.15
52173,413.15
52187,413.15
52201,413.15
52215,413.15
52229,413.15
52243,413.15
52257,413.15
52271,412.15
52284,412.15
52298,412.15
52312,412.15
52326,412.15
52340,412.15
52354,412.15
52368,412.15
52382,412.15
52395,412.15
52409,412.15
52423,412.15
52437,412.15
52451,412.15
52465,412.15
52479,412.15
52493,411.15
52507,411.15
52520,411.15
52534,411.15
52548,411.15
52562,411.15
52576,411.15
52590,411.15
52604,411.15
52618,411.15
52631,411.15
52645,411.15
52659,411.15
52673,411.15
52687,410.15
52701,410.15
52715,410.15
52729,410.15
52743,410.15
52756,410.15
52770,410.15
52784,410.15
52798,410.15
52812,410.15
52826,410.15
52840,410.15
52854,410.15
52867,410.15
52881,410.15
52895,410.15
52909,410.15
52923,409.15
52937,409.15
52951,409.15
52965,409.15
52979,409.15
52992,409.15
53006,409.15
53020,409.15
53034,409.15
53048,409.15
53062,409.15
53076,409.15
53090,409.15
53104,409.15
53117,409.15
53131,408.15
53145,408.15
53159,408.15
53173,408.15
53187,408.15
53201,408.15
53215,408.15
53228,408.15
53242,408.15
53256,408.15
53270,408.15
53284,408.15
53298,408.15
53312,408.15
53326,408.15
53340,407.15
53353,407.15
53367,407.15
53381,407.15
53395,407.15
53409,407.15
53423,407.15
53437,407.15
53451,407.15
53464,407.15
53478,407.15
53492,407.15
53506,407.15
53520,407.15
53534,407.15
53548,407.15
53562,406.15
53576,406.15
53589,406.15
53603,406.15
53617,406.15
53631,406.15
53645,406.15
53659,406.15
53673,406.15
53687,406.15
53700,406.15
53714,406.15
53728,406.15
53742,406.15
53756,406.15
53770,406.15
53784,406.15
53798,405.15
53812,405.15
53825,405.15
53839,405.15
53853,405.15
53867,405.15
53881,405.15
53895,405.15
53909,405.15
53923,405.15
53937,405.15
53950,405.15
53964,405.15
53978,405.15
53992,405.15
54006,405.15
54020,404.15
54034,404.15
54048,404.15
54061,404.15
54075,404.15
54089,404.15
54103,404.15
54117,404.15
54131,404.15
54145,404.15
54159,404.15
54173,404.15
54186,404.15
54200,404.15
54214,404.15
54228,404.15
54242,404.15
54256,403.15
54270,403.15
54284,403.15
54297,403.15
54311,403.15
54325,403.15
54339,403.15
54353,403.15
54367,403.15
54381,403.15
54395,403.15
54409,403.15
54422,403.15
54436,403.15
54450,403.15
54464,403.15
54478,403.15
54492,402.15
54506,402.15
54520,402.15
54533,402.15
54547,402.15
54561,402.15
54575,402.15
54589,402.15
54603,402.15
54617,402.15
54631,402.15
54645,402.15
54658,402.15
54672,402.15
54686,402.15
54700,402.15
54714,402.15
54728,401.15
54742,401.15
54756,401.15
54769,401.15
54783,401.15
54797,401.15
54811,401.15
54825,401.15
54839,401.15
54853,401.15
54867,401.15
54881,401.15
54894,401.15
54908,401.15
54922,401.15
54936,401.15
54950,401.15
54964,401.15
54978,400.15
54992,400.15
55006,400.15
55019,400.15
55033,400.15
55047,400.15
55061,400.15
55075,400.15
55089,400.15
55103,400.15
55117,400.15
55130,400.15
55144,400.15
55158,400.15
55172,400.15
55186,400.15
55200,399.15
55214,399.15
55228,399.15
55242,399.15
55255,399.15
55269,399.15
55283,399.15
55297,399.15
55311,399.15
55325,399.15
55339,399.15
55353,399.15
55366,399.15
55380,399.15
55394,399.15
55408,399.15
55422,399.15
55436,399.15
55450,398.15
55464,398.15
55478,398.15
55491,398.15
55505,398.15
55519,398.15
55533,398.15
55547,398.15
55561,398.15
55575,398.15
55589,398.15
55602,398.15
55616,398.15
55630,398.15
55644,398.15
55658,398.15
55672,398.15
55686,398.15
55700,398.15
55714,397.15
55727,397.15
55741,397.15
55755,397.15
55769,397.15
55783,397.15
55797,397.15
55811,397.15
55825,397.15
55838,397.15
55852,397.15
55866,397.15
55880,397.15
55894,397.15
55908,397.15
55922,397.15
55936,397.15
55950,396.15
55963,396.15
55977,396.15
55991,396.15
56005,396.15
56019,396.15
56033,396.15
56047,396.15
56061,396.15
56075,396.15
56088,396.15
56102,396.15
56116,396.15
56130,396.15
56144,396.15
56158,396.15
56172,396.15
56186,396.15
56199,396.15
56213,395.15
56227,395.15
56241,395.15
56255,395.15
56269,395.15
56283,395.15
56297,395.15
56311,395.15
56324,395.15
56338,395.15
56352,395.15
56366,395.15
56380,395.15
56394,395.15
56408,395.15
56422,395.15
56435,395.15
56449,395.15
56463,395.15
56477,394.15
56491,394.15
56505,394.15
56519,394.15
56533,394.15
56547,394.15
56560,394.15
56574,394.15
56588,394.15
56602,394.15
56616,394.15
56630,394.15
56644,394.15
56658,394.15
56671,394.15
56685,394.15
56699,394.15
56713,394.15
56727,393.15
56741,393.15
56755,393.15
56769,393.15
56783,393.15
56796,393.15
56810,393.15
56824,393.15
56838,393.15
56852,393.15
56866,393.15
56880,393.15
56894,393.15
56908,393.15
56921,393.15
56935,393.15
56949,393.15
56963,393.15
56977,393.15
56991,393.15
57005,392.15
57019,392.15
57032,392.15
57046,392.15
57060,392.15
57074,392.15
57088,392.15
57102,392.15
57116,392.15
57130,392.15
57144,392.15
57157,392.15
57171,392.15
57185,392.15
57199,392.15
57213,392.15
57227,392.15
57241,392.15
57255,392.15
57268,392.15
57282,391.15
57296,391.15
57310,391.15
57324,391.15
57338,391.15
57352,391.15
57366,391.15
57380,391.15
57393,391.15
57407,391.15
57421,391.15
57435,391.15
57449,391.15
57463,391.15
57477,391.15
57491,391.15
57504,391.15
57518,391.15
57532,390.15
57546,390.15
57560,390.15
57574,390.15
57588,390.15
57602,390.15
57616,390.15
57629,390.15
57643,390.15
57657,390.15
57671,390.15
57685,390.15
57699,390.15
57713,390.15
57727,390.15
57740,390.15
57754,390.15
57768,390.15
57782,390.15
57796,389.15
57810,389.15
57824,389.15
57838,389.15
57852,389.15
57865,389.15
57879,389.15
57893,389.15
57907,389.15
57921,389.15
57935,389.15
57949,389.15
57963,389.15
57977,389.15
57990,389.15
58004,389.15
58018,389.15
58032,389.15
58046,389.15
58060,389.15
58074,389.15
58088,388.15
58101,388.15
58115,388.15
58129,388.15
58143,388.15
58157,388.15
58171,388.15
58185,388.15
58199,388.15
58213,388.15
58226,388.15
58240,388.15
58254,388.15
58268,388.15
58282,388.15
58296,388.15
58310,388.15
58324,388.15
58337,388.15
58351,388.15
58365,388.15
58379,388.15
58393,387.15
58407,387.15
58421,387.15
58435,387.15
58449,387.15
58462,387.15
58476,387.15
58490,387.15
58504,387.15
58518,387.15
58532,387.15
58546,387.15
58560,387.15
58574,387.15
58587,387.15
58601,387.15
58615,387.15
58629,387.15
58643,387.15
58657,387.15
58671,386.15
58685,386.15
58698,386.15
58712,386.15
58726,386.15
58740,386.15
58754,386.15
58768,386.15
58782,386.15
58796,386.15
58809,386.15
58823,386.15
58837,386.15
58851,386.15
58865,386.15
58879,386.15
58893,386.15
58907,386.15
58921,386.15
58934,386.15
58948,386.15
58962,385.15
58976,385.15
58990,385.15
59004,385.15
59018,385.15
59032,385.15
59046,385.15
59059,385.15
59073,385.15
59087,385.15
59101,385.15
59115,385.15
59129,385.15
59143,385.15
59157,385.15
59170,385.15
59184,385.15
59198,385.15
59212,385.15
59226,384.15
59240,384.15
59254,384.15
59268,384.15
59282,384.15
59295,384.15
59309,384.15
59323,384.15
59337,384.15
59351,384.15
59365,384.15
59379,384.15
59393,384.15
59406,384.15
59420,384.15
59434,384.15
59448,384.15
59462,384.15
59476,384.15
59490,384.15
59504,384.15
59518,384.15
59531,383.15
59545,383.15
59559,383.15
59573,383.15
59587,383.15
59601,383.15
59615,383.15
59629,383.15
59642,383.15
59656,383.15
59670,383.15
59684,383.15
59698,383.15
59712,383.15
59726,383.15
59740,383.15
59754,383.15
59767,383.15
59781,383.15
59795,383.15
59809,383.15
59823,383.15
59837,383.15
59851,382.15
59865,382.15
59878,382.15
59892,382.15
59906,382.15
59920,382.15
59934,382.15
59948,382.15
59962,382.15
59976,382.15
59990,382.15
60003,382.15
60017,382.15
60031,382.15
60045,382.15
60059,382.15
60073,382.15
60087,382.15
60101,382.15
60115,382.15
60128,382.15
60142,382.15
60156,381.15
60170,381.15
60184,381.15
60198,381.15
60212,381.15
60226,381.15
60239,381.15
60253,381.15
60267,381.15
60281,381.15
60295,381.15
60309,381.15
60323,381.15
60337,381.15
60351,381.15
60364,381.15
60378,381.15
60392,381.15
60406,381.15
60420,381.15
60434,381.15
60448,381.15
60462,381.15
60475,381.15
60489,380.15
60503,380.15
60517,380.15
60531,380.15
60545,380.15
60559,380.15
60573,380.15
60587,380.15
60600,380.15
60614,380.15
60628,380.15
60642,380.15
60656,380.15
60670,380.15
60684,380.15
60698,380.15
60711,380.15
60725,380.15
60739,380.15
60753,380.15
60767,380.15
60781,380.15
60795,380.15
60809,380.15
60823,379.15
60836,379.15
60850,379.15
60864,379.15
60878,379.15
60892,379.15
60906,379.15
60920,379.15
60934,379.15
60947,379.15
60961,379.15
60975,379.15
60989,379.15
61003,379.15
61017,379.15
61031,379.15
61045,379.15
61059,379.15
61072,379.15
61086,379.15
61100,379.15
61114,379.15
61128,379.15
61142,378.15
61156,378.15
61170,378.15
61184,378.15
61197,378.15
61211,378.15
61225,378.15
61239,378.15
61253,378.15
61267,378.15
61281,378.15
61295,378.15
61308,378.15
61322,378.15
61336,378.15
61350,378.15
61364,378.15
61378,378.15
61392,378.15
61406,378.15
61420,378.15
61433,378.15
61447,378.15
61461,378.15
61475,378.15
61489,377.15
61503,377.15
61517,377.15
61531,377.15
61544,377.15
61558,377.15
61572,377.15
61586,377.15
61600,377.15
61614,377.15
61628,377.15
61642,377.15
61656,377.15
61669,377.15
61683,377.15
61697,377.15
61711,377.15
61725,377.15
61739,377.15
61753,377.15
61767,377.15
61780,377.15
61794,377.15
61808,377.15
61822,377.15
61836,377.15
61850,376.15
61864,376.15
61878,376.15
61892,376.15
61905,376.15
61919,376.15
61933,376.15
61947,376.15
61961,376.15
61975,376.15
61989,376.15
62003,376.15
62017,376.15
62030,376.15
62044,376.15
62058,376.15
62072,376.15
62086,376.15
62100,376.15
62114,376.15
62128,376.15
62141,376.15
62155,376.15
62169,376.15
62183,376.15
62197,375.15
62211,375.15
62225,375.15
62239,375.15
62253,375.15
62266,375.15
62280,375.15
62294,375.15
62308,375.15
62322,375.15
62336,375.15
62350,375.15
62364,375.15
62377,375.15
62391,375.15
62405,375.15
62419,375.15
62433,375.15
62447,375.15
62461,375.15
62475,375.15
62489,375.15
62502,375.15
62516,375.15
62530,375.15
62544,374.15
62558,374.15
62572,374.15
62586,374.15
62600,374.15
62613,374.15
62627,374.15
62641,374.15
62655,374.15
62669,374.15
62683,374.15
62697,374.15
62711,374.15
62725,374.15
62738,374.15
62752,374.15
62766,374.15
62780,374.15
62794,374.15
62808,374.15
62822,374.15
62836,374.15
62849,374.15
62863,374.15
62877,374.15
62891,374.15
62905,373.15
62919,373.15
62933,373.15
62947,373.15
62961,373.15
62974,373.15
62988,373.15
63002,373.15
63016,373.15
63030,373.15
63044,373.15
63058,373.15
63072,373.15
63086,373.15
63099,373.15
63113,373.15
63127,373.15
63141,373.15
63155,373.15
63169,373.15
63183,373.15
63197,373.15
63210,373.15
63224,373.15
63238,373.15
63252,373.15
63266,372.15
63280,373.15
63294,372.15
63308,372.15
63322,372.15
63335,372.15
63349,372.15
63363,372.15
63377,372.15
63391,372.15
63405,372.15
63419,372.15
63433,372.15
63446,372.15
63460,372.15
63474,372.15
63488,372.15
63502,372.15
63516,372.15
63530,372.15
63544,372.15
63558,372.15
63571,372.15
63585,372.15
63599,372.15
63613,372.15
63627,372.15
63641,372.15
63655,371.15
63669,371.15
63682,371.15
63696,371.15
63710,371.15
63724,371.15
63738,371.15
63752,371.15
63766,371.15
63780,371.15
63794,371.15
63807,371.15
63821,371.15
63835,371.15
63849,371.15
63863,371.15
63877,371.15
63891,371.15
63905,371.15
63919,371.15
63932,371.15
63946,371.15
63960,371.15
63974,371.15
63988,371.15
64002,370.15
64016,370.15
64030,370.15
64043,370.15
64057,370.15
64071,370.15
64085,370.15
64099,370.15
64113,370.15
64127,370.15
64141,370.15
64155,370.15
64168,370.15
64182,370.15
64196,370.15
64210,370.15
64224,370.15
64238,370.15
64252,370.15
64266,370.15
64279,370.15
64293,370.15
64307,370.15
64321,370.15
64335,370.15
64349,370.15
64363,370.15
64377,370.15
64391,370.15
64404,369.15
64418,369.15
64432,369.15
64446,369.15
64460,369.15
64474,369.15
64488,369.15
64502,369.15
64515,369.15
64529,369.15
64543,369.15
64557,369.15
64571,369.15
64585,369.15
64599,369.15
64613,369.15
64627,369.15
64640,369.15
64654,369.15
64668,369.15
64682,369.15
64696,369.15
64710,369.15
64724,369.15
64738,369.15
64752,369.15
64765,369.15
64779,369.15
64793,369.15
64807,368.15
64821,368.15
64835,368.15
64849,368.15
64863,368.15
64876,368.15
64890,368.15
64904,368.15
64918,368.15
64932,368.15
64946,368.15
64960,368.15
64974,368.15
64988,368.15
65001,368.15
65015,368.15
65029,368.15
65043,368.15
65057,368.15
65071,368.15
65085,368.15
65099,368.15
65112,368.15
65126,368.15
65140,368.15
65154,368.15
65168,368.15
65182,368.15
65196,368.15
65210,368.15
65224,367.15
65237,367.15
65251,367.15
65265,367.15
65279,367.15
65293,367.15
65307,367.15
65321,367.15
65335,367.15
65348,367.15
65362,367.15
65376,367.15
65390,367.15
65404,367.15
65418,367.15
65432,367.15
65446,367.15
65460,367.15
65473,367.15
65487,367.15
65501,367.15
65515,367.15
65529,367.15
65543,367.15
65557,367.15
65571,367.15
65584,367.15
65598,367.15
65612,367.15
65626,366.15
65640,366.15
65654,366.15
65668,366.15
65682,366.15
65696,366.15
65709,366.15
65723,366.15
65737,366.15
65751,366.15
65765,366.15
65779,366.15
65793,366.15
65807,366.15
65821,366.15
65834,366.15
65848,366.15
65862,366.15
65876,366.15
65890,366.15
65904,366.15
65918,366.15
65932,366.15
65945,366.15
65959,366.15
65973,366.15
65987,366.15
66001,366.15
66015,366.15
66029,366.15
66043,366.15
66057,365.15
66070,365.15
66084,365.15
66098,365.15
66112,365.15
66126,365.15
66140,365.15
66154,365.15
66168,365.15
66181,365.15
66195,365.15
66209,365.15
66223,365.15
66237,365.15
66251,365.15
66265,365.15
66279,365.15
66293,365.15
66306,365.15
66320,365.15
66334,365.15
66348,365.15
66362,365.15
66376,365.15
66390,365.15
66404,365.15
66417,365.15
66431,365.15
66445,365.15
66459,364.15
66473,364.15
66487,364.15
66501,364.15
66515,364.15
66529,364.15
66542,364.15
66556,364.15
66570,364.15
66584,364.15
66598,364.15
66612,364.15
66626,364.15
66640,364.15
66653,364.15
66667,364.15
66681,364.15
66695,364.15
66709,364.15
66723,364.15
66737,364.15
66751,364.15
66765,364.15
66778,364.15
66792,364.15
66806,364.15
66820,364.15
66834,364.15
66848,364.15
66862,364.15
66876,363.15
66890,363.15
66903,363.15
66917,363.15
66931,363.15
66945,363.15
66959,363.15
66973,363.15
66987,363.15
67001,363.15
67014,363.15
67028,363.15
67042,363.15
67056,363.15
67070,363.15
67084,363.15
67098,363.15
67112,363.15
67126,363.15
67139,363.15
67153,363.15
67167,363.15
67181,363.15
67195,363.15
67209,363.15
67223,363.15
67237,363.15
67250,363.15
67264,363.15
67278,363.15
67292,363.15
67306,363.15
67320,362.15
67334,362.15
67348,362.15
67362,362.15
67375,362.15
67389,362.15
67403,362.15
67417,362.15
67431,362.15
67445,362.15
67459,362.15
67473,362.15
67486,362.15
67500,362.15
67514,362.15
67528,362.15
67542,362.15
67556,362.15
67570,362.15
67584,362.15
67598,362.15
67611,362.15
67625,362.15
67639,362.15
67653,362.15
67667,362.15
67681,362.15
67695,362.15
67709,362.15
67722,362.15
67736,362.15
67750,361.15
67764,362.15
67778,361.15
67792,361.15
67806,361.15
67820,361.15
67834,361.15
67847,361.15
67861,361.15
67875,361.15
67889,361.15
67903,361.15
67917,361.15
67931,361.15
67945,361.15
67959,361.15
67972,361.15
67986,361.15
68000,361.15
68014,361.15
68028,361.15
68042,361.15
68056,361.15
68070,361.15
68083,361.15
68097,361.15
68111,361.15
68125,361.15
68139,361.15
68153,361.15
68167,361.15
68181,361.15
68195,361.15
68208,360.15
68222,360.15
68236,360.15
68250,360.15
68264,360.15
68278,360.15
68292,360.15
68306,360.15
68319,360.15
68333,360.15
68347,360.15
68361,360.15
68375,360.15
68389,360.15
68403,360.15
68417,360.15
68431,360.15
68444,360.15
68458,360.15
68472,360.15
68486,360.15
68500,360.15
68514,360.15
68528,360.15
68542,360.15
68556,360.15
68569,360.15
68583,360.15
68597,360.15
68611,360.15
68625,360.15
68639,360.15
68653,360.15
68667,360.15
68680,359.15
68694,359.15
68708,359.15
68722,359.15
68736,359.15
68750,359.15
68764,359.15
68778,359.15
68791,359.15
68805,359.15
68819,359.15
68833,359.15
68847,359.15
68861,359.15
68875,359.15
68889,359.15
68903,359.15
68916,359.15
68930,359.15
68944,359.15
68958,359.15
68972,359.15
68986,359.15
69000,359.15
69014,359.15
69028,359.15
69041,359.15
69055,359.15
69069,359.15
69083,359.15
69097,359.15
69111,359.15
69125,359.15
69139,359.15
69152,358.15
69166,358.15
69180,358.15
69194,358.15
69208,358.15
69222,358.15
69236,358.15
69250,358.15
69264,358.15
69277,358.15
69291,358.15
69305,358.15
69319,358.15
69333,358.15
69347,358.15
69361,358.15
69375,358.15
69388,358.15
69402,358.15
69416,358.15
69430,358.15
69444,358.15
69458,358.15
69472,358.15
69486,358.15
69500,358.15
69513,358.15
69527,358.15
69541,358.15
69555,358.15
69569,358.15
69583,358.15
69597,358.15
69611,358.15
69624,358.15
69638,357.15
69652,357.15
69666,357.15
69680,357.15
69694,357.15
69708,357.15
69722,357.15
69736,357.15
69749,357.15
69763,357.15
69777,357.15
69791,357.15
69805,357.15
69819,357.15
69833,357.15
69847,357.15
69860,357.15
69874,357.15
69888,357.15
69902,357.15
69916,357.15
69930,357.15
69944,357.15
69958,357.15
69972,357.15
69985,357.15
69999,357.15
70013,357.15
70027,357.15
70041,357.15
70055,357.15
70069,357.15
70083,357.15
70097,357.15
70110,357.15
70124,357.15
70138,356.15
70152,356.15
70166,356.15
70180,356.15
70194,356.15
70208,356.15
70221,356.15
70235,356.15
70249,356.15
70263,356.15
70277,356.15
70291,356.15
70305,356.15
70319,356.15
70333,356.15
70346,356.15
70360,356.15
70374,356.15
70388,356.15
70402,356.15
70416,356.15
70430,356.15
70444,356.15
70457,356.15
70471,356.15
70485,356.15
70499,356.15
70513,356.15
70527,356.15
70541,356.15
70555,356.15
70569,356.15
70582,356.15
70596,356.15
70610,356.15
70624,356.15
70638,355.15
70652,355.15
70666,355.15
70680,355.15
70693,355.15
70707,355.15
70721,355.15
70735,355.15
70749,355.15
70763,355.15
70777,355.15
70791,355.15
70805,355.15
70818,355.15
70832,355.15
70846,355.15
70860,355.15
70874,355.15
70888,355.15
70902,355.15
70916,355.15
70930,355.15
70943,355.15
70957,355.15
70971,355.15
70985,355.15
70999,355.15
71013,355.15
71027,355.15
71041,355.15
71054,355.15
71068,355.15
71082,355.15
71096,355.15
71110,355.15
71124,355.15
71138,355.15
71152,355.15
71166,354.15
71179,354.15
71193,354.15
71207,354.15
71221,354.15
71235,354.15
71249,354.15
71263,354.15
71277,354.15
71290,354.15
71304,354.15
71318,354.15
71332,354.15
71346,354.15
71360,354.15
71374,354.15
71388,354.15
71402,354.15
71415,354.15
71429,354.15
71443,354.15
71457,354.15
71471,354.15
71485,354.15
71499,354.15
71513,354.15
71526,354.15
71540,354.15
71554,354.15
71568,354.15
71582,354.15
71596,354.15
71610,354.15
71624,354.15
71638,353.15
71651,353.15
71665,353.15
71679,353.15
71693,353.15
71707,353.15
71721,353.15
71735,353.15
71749,353.15
71763,353.15
71776,353.15
71790,353.15
71804,353.15
71818,353.15
71832,353.15
71846,353.15
71860,353.15
71874,353.15
71887,353.15
71901,353.15
71915,353.15
71929,353.15
71943,353.15
71957,353.15
71971,353.15
71985,353.15
71999,353.15
72012,353.15
72026,353.15
72040,353.15
72054,353.15
72068,353.15
72082,353.15
72096,353.15
72110,353.15
72123,353.15
72137,353.15
72151,353.15
72165,353.15
72179,353.15
72193,353.15
72207,353.15
72221,352.15
72235,352.15
72248,352.15
72262,352.15
72276,352.15
72290,352.15
72304,352.15
72318,352.15
72332,352.15
72346,352.15
72359,352.15
72373,352.15
72387,352.15
72401,352.15
72415,352.15
72429,352.15
72443,352.15
72457,352.15
72471,352.15
72484,352.15
72498,352.15
72512,352.15
72526,352.15
72540,352.15
72554,352.15
72568,352.15
72582,352.15
72595,352.15
72609,352.15
72623,352.15
72637,352.15
72651,352.15
72665,352.15
72679,352.15
72693,352.15
72707,352.15
72720,352.15
72734,352.15
72748,352.15
72762,351.15
72776,351.15
72790,351.15
72804,351.15
72818,351.15
72832,351.15
72845,351.15
72859,351.15
72873,351.15
72887,351.15
72901,351.15
72915,351.15
72929,351.15
72943,351.15
72956,351.15
72970,351.15
72984,351.15
72998,351.15
73012,351.15
73026,351.15
73040,351.15
73054,351.15
73068,351.15
73081,351.15
73095,351.15
73109,351.15
73123,351.15
73137,351.15
73151,351.15
73165,351.15
73179,351.15
73192,351.15
73206,351.15
73220,351.15
73234,351.15
73248,351.15
73262,351.15
73276,351.15
73290,351.15
73304,351.15
73317,351.15
73331,350.15
73345,350.15
73359,350.15
73373,350.15
73387,350.15
73401,350.15
73415,350.15
73428,350.15
73442,350.15
73456,350.15
73470,350.15
73484,350.15
73498,350.15
73512,350.15
73526,350.15
73540,350.15
73553,350.15
73567,350.15
73581,350.15
73595,350.15
73609,350.15
73623,350.15
73637,350.15
73651,350.15
73665,350.15
73678,350.15
73692,350.15
73706,350.15
73720,350.15
73734,350.15
73748,350.15
73762,350.15
73776,350.15
73789,350.15
73803,350.15
73817,350.15
73831,350.15
73845,350.15
73859,350.15
73873,350.15
73887,350.15
73901,350.15
73914,349.15
73928,349.15
73942,349.15
73956,349.15
73970,349.15
73984,349.15
73998,349.15
74012,349.15
74025,349.15
74039,349.15
74053,349.15
74067,349.15
74081,349.15
74095,349.15
74109,349.15
74123,349.15
74137,349.15
74150,349.15
74164,349.15
74178,349.15
74192,349.15
74206,349.15
74220,349.15
74234,349.15
74248,349.15
74261,349.15
74275,349.15
74289,349.15
74303,349.15
74317,349.15
74331,349.15
74345,349.15
74359,349.15
74373,349.15
74386,349.15
74400,349.15
74414,349.15
74428,349.15
74442,349.15
74456,348.15
74470,348.15
74484,348.15
74497,348.15
74511,348.15
74525,348.15
74539,348.15
74553,348.15
74567,348.15
74581,348.15
74595,348.15
74609,348.15
74622,348.15
74636,348.15
74650,348.15
74664,348.15
74678,348.15
74692,348.15
74706,348.15
74720,348.15
74734,348.15
74747,348.15
74761,348.15
74775,348.15
74789,348.15
74803,348.15
74817,348.15
74831,348.15
74845,348.15
74858,348.15
74872,348.15
74886,348.15
74900,348.15
74914,348.15
74928,348.15
74942,348.15
74956,348.15
74970,348.15
74983,348.15
74997,348.15
75011,348.15
75025,348.15
75039,348.15
75053,348.15
75067,348.15
75081,348.15
75094,348.15
75108,348.15
75122,348.15
75136,347.15
75150,347.15
75164,347.15
75178,347.15
75192,347.15
75206,347.15
75219,347.15
75233,347.15
75247,347.15
75261,347.15
75275,347.15
75289,347.15
75303,347.15
75317,347.15
75330,347.15
75344,347.15
75358,347.15
75372,347.15
75386,347.15
75400,347.15
75414,347.15
75428,347.15
75442,347.15
75455,347.15
75469,347.15
75483,347.15
75497,347.15
75511,347.15
75525,347.15
75539,347.15
75553,347.15
75566,347.15
75580,347.15
75594,347.15
75608,347.15
75622,347.15
75636,347.15
75650,347.15
75664,347.15
75678,347.15
75691,346.15
75705,346.15
75719,346.15
75733,346.15
75747,346.15
75761,346.15
75775,346.15
75789,346.15
75803,346.15
75816,346.15
75830,346.15
75844,346.15
75858,346.15
75872,346.15
75886,346.15
75900,346.15
75914,346.15
75927,346.15
75941,346.15
75955,346.15
75969,346.15
75983,346.15
75997,346.15
76011,346.15
76025,346.15
76039,346.15
76052,346.15
76066,346.15
76080,346.15
76094,346.15
76108,346.15
76122,346.15
76136,346.15
76150,346.15
76163,346.15
76177,346.15
76191,346.15
76205,346.15
76219,346.15
76233,346.15
76247,346.15
76261,346.15
76275,346.15
76288,346.15
76302,346.15
76316,346.15
76330,346.15
76344,346.15
76358,346.15
76372,346.15
76386,345.15
76399,345.15
76413,345.15
76427,345.15
76441,345.15
76455,345.15
76469,345.15
76483,345.15
76497,345.15
76511,345.15
76524,345.15
76538,345.15
76552,345.15
76566,345.15
76580,345.15
76594,345.15
76608,345.15
76622,345.15
76635,345.15
76649,345.15
76663,345.15
76677,345.15
76691,345.15
76705,345.15
76719,345.15
76733,345.15
76747,345.15
76760,345.15
76774,345.15
76788,345.15
76802,345.15
76816,345.15
76830,345.15
76844,345.15
76858,345.15
76872,345.15
76885,345.15
76899,345.15
76913,345.15
76927,345.15
76941,345.15
76955,345.15
76969,344.15
76983,344.15
76996,345.15
77010,344.15
77024,344.15
77038,344.15
77052,344.15
77066,344.15
77080,344.15
77094,344.15
77108,344.15
77121,344.15
77135,344.15
77149,344.15
77163,344.15
77177,344.15
77191,344.15
77205,344.15
77219,344.15
77232,344.15
77246,344.15
77260,344.15
77274,344.15
77288,344.15
77302,344.15
77316,344.15
77330,344.15
77344,344.15
77357,344.15
77371,344.15
77385,344.15
77399,344.15
77413,344.15
77427,344.15
77441,344.15
77455,344.15
77468,344.15
77482,344.15
77496,344.15
77510,344.15
77524,344.15
77538,344.15
77552,344.15
77566,344.15
77580,344.15
77593,344.15
77607,344.15
77621,344.15
77635,343.15
77649,343.15
77663,343.15
77677,343.15
77691,343.15
77705,343.15
77718,343.15
77732,343.15
77746,343.15
77760,343.15
77774,343.15
77788,343.15
77802,343.15
77816,343.15
77829,343.15
77843,343.15
77857,343.15
77871,343.15
77885,343.15
77899,343.15
77913,343.15
77927,343.15
77941,343.15
77954,343.15
77968,343.15
77982,343.15
77996,343.15
78010,343.15
78024,343.15
78038,343.15
78052,343.15
78065,343.15
78079,343.15
78093,343.15
78107,343.15
78121,343.15
78135,343.15
78149,343.15
78163,343.15
78177,343.15
78190,343.15
78204,343.15
78218,343.15
78232,343.15
78246,343.15
78260,343.15
78274,343.15
78288,343.15
78301,343.15
78315,342.15
78329,343.15
78343,342.15
78357,342.15
78371,342.15
78385,342.15
78399,342.15
78413,342.15
78426,342.15
78440,342.15
78454,342.15
78468,342.15
78482,342.15
78496,342.15
78510,342.15
78524,342.15
78537,342.15
78551,342.15
78565,342.15
78579,342.15
78593,342.15
78607,342.15
78621,342.15
78635,342.15
78649,342.15
78662,342.15
78676,342.15
78690,342.15
78704,342.15
78718,342.15
78732,342.15
78746,342.15
78760,342.15
78774,342.15
78787,342.15
78801,342.15
78815,342.15
78829,342.15
78843,342.15
78857,342.15
78871,342.15
78885,342.15
78898,342.15
78912,342.15
78926,342.15
78940,342.15
78954,342.15
78968,342.15
78982,342.15
78996,342.15
79010,342.15
79023,341.15
79037,342.15
79051,341.15
79065,341.15
79079,341.15
79093,341.15
79107,341.15
79121,341.15
79134,341.15
79148,341.15
79162,341.15
79176,341.15
79190,341.15
79204,341.15
79218,341.15
79232,341.15
79246,341.15
79259,341.15
79273,341.15
79287,341.15
79301,341.15
79315,341.15
79329,341.15
79343,341.15
79357,341.15
79370,341.15
79384,341.15
79398,341.15
79412,341.15
79426,341.15
79440,341.15
79454,341.15
79468,341.15
79482,341.15
79495,341.15
79509,341.15
79523,341.15
79537,341.15
79551,341.15
79565,341.15
79579,341.15
79593,341.15
79607,341.15
79620,341.15
79634,341.15
79648,341.15
79662,341.15
79676,341.15
79690,341.15
79704,341.15
79718,341.15
79731,341.15
79745,341.15
79759,340.15
79773,340.15
79787,340.15
79801,340.15
79815,340.15
79829,340.15
79843,340.15
79856,340.15
79870,340.15
79884,340.15
79898,340.15
79912,340.15
79926,340.15
79940,340.15
79954,340.15
79967,340.15
79981,340.15
79995,340.15
80009,340.15
80023,340.15
80037,340.15
80051,340.15
80065,340.15
80079,340.15
80092,340.15
80106,340.15
80120,340.15
80134,340.15
80148,340.15
80162,340.15
80176,340.15
80190,340.15
80203,340.15
80217,340.15
80231,340.15
80245,340.15
80259,340.15
80273,340.15
80287,340.15
80301,340.15
80315,340.15
80328,340.15
80342,340.15
80356,340.15
80370,340.15
80384,340.15
80398,340.15
80412,340.15
80426,340.15
80439,340.15
80453,340.15
80467,339.15
80481,340.15
80495,339.15
80509,339.15
80523,339.15
80537,339.15
80551,339.15
80564,339.15
80578,339.15
80592,339.15
80606,339.15
80620,339.15
80634,339.15
80648,339.15
80662,339.15
80676,339.15
80689,339.15
80703,339.15
80717,339.15
80731,339.15
80745,339.15
80759,339.15
80773,339.15
80787,339.15
80800,339.15
80814,339.15
80828,339.15
80842,339.15
80856,339.15
80870,339.15
80884,339.15
80898,339.15
80912,339.15
80925,339.15
80939,339.15
80953,339.15
80967,339.15
80981,339.15
80995,339.15
81009,339.15
81023,339.15
81036,339.15
81050,339.15
